10.0 0.01 0.0010045287082499632 0.000890240623822 1.0008906370056223

10.0 0.02 0.002018231358430378 0.00178861287897 1.001790213401082

10.0 0.03 0.003041286638106211 0.00269527663332 1.0026989121569005

10.0 0.04 0.004073878602149361 0.00361039659532 1.0036169219277558

10.0 0.05 0.005116196891823743 0.00453414251291 1.0045444372905177

10.0 0.06 0.006168436965223401 0.00546668938283 1.0054816589948743

10.0 0.07 0.007230800339783072 0.00640821767097 1.0064287942273646

10.0 0.08 0.00830349484762738 0.00735891354441 1.0073860568896786

10.0 0.09 0.009386734904589189 0.00831896911599 1.0083536678921727

10.0 0.1 0.010480741793785553 0.00928858270219 1.0093318554635966

10.0 0.11 0.011585743964712458 0.0102679590952 1.010320855478129

10.0 0.12 0.012701977348889781 0.0112573098501 1.0113209118008886

10.0 0.13 0.013829685693175553 0.0122568535884 1.012332276653192

10.0 0.14 0.014969120911949796 0.0132668163185 1.0133552109989254

10.0 0.15 0.01612054345947367 0.014287431775 1.0143899849535167

10.0 0.16 0.017284222723828457 0.0153189417776 1.0154368782171053

10.0 0.17 0.01846043744396031 0.0163615966111 1.0164961805336576

10.0 0.18 0.01964947615148216 0.0174156554284 1.01756819217791

10.0 0.19 0.0208516376390232 0.0184813866776 1.0186532244721898

10.0 0.2 0.022067231457071457 0.0195590685552 1.0197516003353408

10.0 0.21 0.023296578441422855 0.0206489894877 1.0208636548661816

10.0 0.22 0.024540011273535223 0.0217514486431 1.021989735964129

10.0 0.23 0.025797875076291943 0.0228667564753 1.0231302049898725

10.0 0.24 0.02707052804790333 0.023995235303 1.0242854374692356

10.0 0.25 0.02835834213692645 0.0251372199268 1.0254558238436626

10.0 0.26 0.02966170376165511 0.0262930582874 1.0266417702710824

10.0 0.27 0.03098101457744229 0.0274631121671 1.0278436994812659

10.0 0.28 0.03231669229585188 0.0286477579397 1.029062051690187

10.0 0.29 0.03366917155991489 0.0298473873719 1.030297285578341

10.0 0.3 0.03503890488018235 0.0310624084807 1.0315498793384654

10.0 0.31 0.036426363636732684 0.0322932464513 1.0328203317986557

10.0 0.32 0.03783203915281119 0.0335403446215 1.0341091636274826

10.0 0.33 0.039256443846359734 0.034804165538 1.035416918628406

10.0 0.34 0.04070011246634109 0.0360851920905 1.0367441651315386

10.0 0.35 0.04216360342149339 0.0373839287314 1.0380914974916888

10.0 0.36 0.043647500209963 0.0387009027893 1.0394595377025653

10.0 0.37 0.04515241295918182 0.040036665883 1.0408489371381295

10.0 0.38 0.04667898008639193 0.0413917954488 1.0422603784333047

10.0 0.39 0.04822787009138252 0.0427668963888 1.0436945775176443

10.0 0.4 0.04979978349432357 0.0441626028541 1.0451522858171358

10.0 0.41 0.05139545493307651 0.045579580176 1.0466342926411025

10.0 0.42 0.05301565543605247 0.0470185269592 1.0481414277731977

10.0 0.43 0.0546611948886202 0.048480177355 1.0496745642877974

10.0 0.44 0.05633292471326057 0.0499653035328 1.0512346216157389

10.0 0.45 0.05803174078617379 0.0514747183713 1.052822568886381

10.0 0.46 0.05975858661591882 0.0530092783921 1.0544394285764134

10.0 0.47 0.061514456812961193 0.0545698869652 1.056086280499845

10.0 0.48 0.06330040088279865 0.0561574978144 1.057764266178183

10.0 0.49 0.06511752737970466 0.0577731188588 1.0594745936351149

10.0 0.5 0.06696700846319259 0.059417816429 1.0612185426661747

10.0 0.51 0.06885008490516231 0.0610927199035 1.0629974706409875

10.0 0.52 0.07076807160251386 0.0627990268167 1.06481281890403

10.0 0.53 0.07272236365796125 0.0645380084964 1.0666661198495564

10.0 0.54 0.07471444310108488 0.0663110162999 1.0685590047577342

10.0 0.55 0.07674588633257318 0.0681194885253 1.070493212492445

10.0 0.56 0.07881837238746003 0.0699649580895 1.072470599177006

10.0 0.57 0.08093369212834534 0.0718490610753 1.0744931489828062

10.0 0.58 0.0830937584975947 0.0737735462714 1.0765629861880857

10.0 0.59 0.08530061797894117 0.0757402858459 1.0786823886906443

10.0 0.6 0.08755646344451917 0.0777512873187 1.0808538031900525

10.0 0.61 0.08986364859408613 0.0798087070297 1.0830798622931646

10.0 0.62 0.0922247042302089 0.0819148653319 1.085363403842943

10.0 0.63 0.09464235665800824 0.0840722637826 1.0877074928266357

10.0 0.64 0.09711954855256577 0.086283604658 1.0901154462877067

10.0 0.65 0.09965946270372283 0.0885518131789 1.0925908617496918

10.0 0.66 0.10226554912987762 0.0908800629144 1.095137649763359

10.0 0.67 0.10494155615354728 0.0932718049259 1.0977600713164488

10.0 0.68 0.10769156615719777 0.0957308013349 1.1004627810046752

10.0 0.69 0.11052003689508594 0.098261164148 1.1032508770626135

10.0 0.7 0.11343184943478668 0.100867400361 1.1061299596055494

10.0 0.71 0.11643236405297719 0.103554464608 1.1091061987543722

10.0 0.72 0.11952748573042382 0.106327820921 1.1121864147268388

10.0 0.73 0.12272374130345476 0.109193515578 1.115378172509568

10.0 0.74 0.12602837086434937 0.112158263503 1.1186898944167476

10.0 0.75 0.12944943670387588 0.1152295514 1.122130994750468

10.0 0.76 0.13299595401577702 0.118415761651 1.1257120419838273

10.0 0.77 0.13667804882080437 0.121726322233 1.1294449555055914

10.0 0.78 0.14050715023992655 0.125171889527 1.1333432461590551

10.0 0.79 0.14449622653224037 0.128764573088 1.1374223128196546

10.0 0.8 0.1486600774792154 0.132518214548 1.1416998114457342

10.0 0.81 0.15301570014470167 0.136448737115 1.1461961189496825

10.0 0.82 0.15758275138589717 0.140574588361 1.1509349227129466

10.0 0.83 0.16238413969899668 0.144917307943 1.1559439789302641

10.0 0.84 0.1674467925981269 0.149502265248 1.1612561013420983

10.0 0.85 0.17280266627688434 0.154359632112 1.16691046980252

10.0 0.86 0.178490096045123 0.159525686956 1.1729543914612002

10.0 0.87 0.18455563634926675 0.165044596299 1.1794457164526544

10.0 0.88 0.19105662130082468 0.170970900754 1.1864562235375764

10.0 0.89 0.19806481518386287 0.177373069954 1.1940764840998956

10.0 0.9 0.2056717652757185 0.1843387324 1.2024230537678904

10.0 0.91 0.2139969144033772 0.191982630363 1.2116494708702836

10.0 0.92 0.2232003902842663 0.200459211193 1.2219637687796325

10.0 0.93 0.2335041567358659 0.209983545242 1.2336577602496328

10.0 0.94 0.24522913938841595 0.220868231459 1.2471590834032733

10.0 0.95 0.2588655508930522 0.233593724564 1.2631312087647395

10.0 0.96 0.27522033632230447 0.248956838599 1.2826866693216992

10.0 0.97 0.295773885998763 0.268433208225 1.307913616240929

10.0 0.98 0.32375666219375854 0.295284174367 1.343508095005892

10.0 0.99 0.36904265551980675 0.339679824733 1.4044978330980218

