100.0 0.01 0.00010049830824165884 8.90643069616e-05 1.0000890682733048

100.0 0.02 0.00020200666708025672 0.0001790237494 1.0001790397751078

100.0 0.03 0.0003045456913904898 0.000269896598294 1.0002699330236582

100.0 0.04 0.0004081366347774562 0.000361701690777 1.0003617671127212

100.0 0.05 0.0005128014162623096 0.000454458453789 1.000454561735677

100.0 0.06 0.0006185626483778961 0.000548186928984 1.0005483372108976

100.0 0.07 0.0007254436667628594 0.000642907798962 1.0006431145084773

100.0 0.08 0.0008334685613532455 0.000738642414922 1.0007389152784096

100.0 0.09 0.0009426622092740811 0.000835412825814 1.0008357618803039

100.0 0.1 0.0010530503095456112 0.000933241809108 1.0009336774147433

100.0 0.11 0.001164659419723546 0.00103215290327 1.001032685756393

100.0 0.12 0.0012775169946060982 0.00113217044209 1.0011328115889804

100.0 0.13 0.001391651427148144 0.00123331959091 1.0012340804422735

100.0 0.14 0.0015070920917352737 0.00133562638504 1.0013365187311956

100.0 0.15 0.001623869389984156 0.00143911777032 1.0014401537972286

100.0 0.16 0.0017420147992468493 0.00154382164614 1.0015450139522641

100.0 0.17 0.0018615609240145714 0.00164976691097 1.001651128525081

100.0 0.18 0.0019825415504297617 0.00175698351075 1.00175852791064

100.0 0.19 0.002104991704136805 0.0018655024901 1.0018672436224008

100.0 0.2 0.002228947711717666 0.00197535604685 1.001977308347889

100.0 0.21 0.0023544472659847715 0.00208657758985 1.0020887560077567

100.0 0.22 0.0024815294954241285 0.00219920180062 1.0022016218186072

100.0 0.23 0.0026102350381090877 0.00231326469877 1.0023159423598664

100.0 0.24 0.002740606120436584 0.00242880371189 1.0024317556450322

100.0 0.25 0.0028726866410665464 0.00254585774992 1.0025491011976344

100.0 0.26 0.0030065222604838127 0.00266446728456 1.0026680201322975

100.0 0.27 0.0031421604966413996 0.00278467443404 1.0027885552413154

100.0 0.28 0.0032796508271855096 0.00290652305376 1.0029107510871944

100.0 0.29 0.00341904479881594 0.00303005883326 1.003034654101669

100.0 0.3 0.003560396144387412 0.0031553294 1.00316031269174

100.0 0.31 0.0037037609084178413 0.00328238443063 1.0032877773533393

100.0 0.32 0.0038491975817408486 0.00341127577039 1.0034171007932884

100.0 0.33 0.00399676724611242 0.0035420575613 1.003548338060295

100.0 0.34 0.004146533729668445 0.00367478637997 1.003681546685795

100.0 0.35 0.004298563774227104 0.00380952138592 1.0038167868355432

100.0 0.36 0.004452927215533697 0.00394632448139 1.0039541214729581

100.0 0.37 0.004609697177671013 0.00408526048371 1.0040936165353245

100.0 0.38 0.004768950282991957 0.00422639731138 1.0042353411240927

100.0 0.39 0.004930766879086446 0.00436980618533 1.0043793677106472

100.0 0.4 0.005095231284469093 0.00451556184674 1.0045257723590808

100.0 0.41 0.00526243205487309 0.00466374279308 1.0046746349676852

100.0 0.42 0.005432462272260241 0.00481443153443 1.0048260395310866

100.0 0.43 0.005605419858912497 0.00496771487187 1.0049800744251667

100.0 0.44 0.005781407919266179 0.00512368420062 1.0051368327172021

100.0 0.45 0.005960535112482623 0.0052824358403 1.0052964125039425

100.0 0.46 0.006142916059133308 0.00544407139556 1.0054589172807002

100.0 0.47 0.0063286717858196395 0.00560869815026 1.0056244563449375

100.0 0.48 0.006517930212056489 0.00577642949914 1.0057931452382858

100.0 0.49 0.006710826684335425 0.0059473854214 1.0059651062314834

100.0 0.5 0.006907504562964073 0.00612169300093 1.0061404688573192

100.0 0.51 0.007108115868069809 0.00629948699917 1.0063193704974156

100.0 0.52 0.007312821992074503 0.00648091048678 1.0065019570294997

100.0 0.53 0.007521794487025835 0.00666611554175 1.0066883835428126

100.0 0.54 0.007735215936426676 0.00685526402244 1.0068788151304433

100.0 0.55 0.007953280922691541 0.00704852842539 1.007073427768735

100.0 0.56 0.00817619710310069 0.00724609283936 1.0072724092955068

100.0 0.57 0.008404186409198933 0.00744815400884 1.007475960500718

100.0 0.58 0.00863748638703643 0.00765492252243 1.0076842963454558

100.0 0.59 0.008876351698588025 0.0078666241442 1.0078976473277965

100.0 0.6 0.009121055808192446 0.00808350130905 1.0081162610173116

100.0 0.61 0.009371892882075405 0.00830581480713 1.0083404037838284

100.0 0.62 0.009629179934118492 0.00853384568655 1.0085703627507367

100.0 0.63 0.00989325925721496 0.00876789740941 1.0088064480087673

100.0 0.64 0.010164501187095887 0.00900829830265 1.009048995133077

100.0 0.65 0.010443307254738188 0.00925540435352 1.0092983680549095

100.0 0.66 0.010730113794845342 0.00950960240955 1.0095549623495224

100.0 0.67 0.011025396091974393 0.00977131385529 1.0098192090149534

100.0 0.68 0.011329673163437914 0.0100409988539 1.0100915788322733

100.0 0.69 0.011643513300115815 0.0103191612607 1.0103725874181324

100.0 0.7 0.011967540514086328 0.0106063543413 1.010662801105833

100.0 0.71 0.012302442077290587 0.0109031874575 1.0109628438235283

100.0 0.72 0.01264897738064752 0.0112103339233 1.0112734051795642

100.0 0.73 0.013007988401389059 0.0115285402891 1.0115952500184797

100.0 0.74 0.01338041214233976 0.0118586373734 1.011929229780843

100.0 0.75 0.013767295506640798 0.0122015534555 1.0122762960916236

100.0 0.76 0.014169813203760206 0.0125583301569 1.0126375171232453

100.0 0.77 0.014589289460014476 0.0129301416972 1.0130140974423014

100.0 0.78 0.01502722454726746 0.0133183184239 1.0134074022696982

100.0 0.79 0.015485327473369503 0.0137243758086 1.0138189873870467

100.0 0.8 0.015965556636542422 0.0141500505073 1.0142506363435964

100.0 0.81 0.016470170892750047 0.0145973456587 1.0147044072126594

100.0 0.82 0.017001794411729887 0.0150685884141 1.0151826919987093

100.0 0.83 0.017563500047810376 0.015566503894 1.0156882930389035

100.0 0.84 0.018158917957328713 0.0160943115426 1.0162245225890774

100.0 0.85 0.018792379236341916 0.0166558525523 1.0167953345857648

100.0 0.86 0.019469109074638058 0.0172557612228 1.017405501927163

100.0 0.87 0.020195491447376313 0.0178996997932 1.0180608595539187

100.0 0.88 0.020979439717362935 0.0185946872507 1.0187686450048214

100.0 0.89 0.02183092848810264 0.0193495712272 1.0195379874762904

100.0 0.9 0.02276277904418933 0.0201757249288 1.0203806305870933

100.0 0.91 0.023791859002216365 0.0210881116578 1.0213120371698499

100.0 0.92 0.024940989711644046 0.0221069774646 1.0223531473682326

100.0 0.93 0.02624213067783221 0.0232606772408 1.0235333166152245

100.0 0.94 0.027742028704750954 0.024590688585 1.0248955332184269

100.0 0.95 0.029513049607039932 0.0261612263216 1.0265064349893507

100.0 0.96 0.031676214274370174 0.0280796922311 1.0284776428336022

100.0 0.97 0.03445790507785107 0.0305470219668 1.0310183694205415

100.0 0.98 0.038364915242696584 0.0340131328505 1.0345981938622997

100.0 0.99 0.045007413978564004 0.0399079583993 1.0407149807112561

