1000.0 0.01 1.0050285349061383e-05 8.90683348506e-06 1.000008906873151

1000.0 0.02 2.020250324419326e-05 1.79040023384e-05 1.000017904162616

1000.0 0.03 3.0458743607741923e-05 2.69933587072e-05 1.0000269937230313

1000.0 0.04 4.082116131398639e-05 3.61768123004e-05 1.000036177466689

1000.0 0.05 5.1291978908962754e-05 4.54563328003e-05 1.000045457365955

1000.0 0.06 6.18734894747286e-05 5.48339523991e-05 1.0000548354558076

1000.0 0.07 7.25680596458389e-05 6.43117684747e-05 1.0000643138365208

1000.0 0.08 8.33781327893579e-05 7.38919464064e-05 1.0000738946764836

1000.0 0.09 9.430623235895386e-05 8.3576722549e-05 1.0000835802151806

1000.0 0.1 0.00010535496543362388 9.33684073686e-05 1.0000933727663341

1000.0 0.11 0.00011652702645448265 0.000103269388754 1.0001032747212208

1000.0 0.12 0.00012782520117260443 0.000113282135515 1.0001132885521786

1000.0 0.13 0.00013925237082190733 0.000123409201082 1.0001234168163107

1000.0 0.14 0.00015081151653428826 0.000133653227417 1.0001336621594075

1000.0 0.15 0.00016250572401199648 0.000144016949155 1.0001440273200939

1000.0 0.16 0.00017433818847634175 0.000154503197992 1.0001545151342255

1000.0 0.17 0.00018631221991383118 0.000165114907329 1.0001651285395454

1000.0 0.18 0.00019843124863883066 0.000175855117208 1.0001758705806252

1000.0 0.19 0.00021069883119850807 0.00018672697954 1.0001867444141073

1000.0 0.2 0.000223118656643706 0.000197733763666 1.0001977533142747

1000.0 0.21 0.00023569455319472077 0.000208878862262 1.00020890067897

1000.0 0.22 0.00024843049533118666 0.000220165797623 1.0002201900358914

1000.0 0.23 0.0002613306113399272 0.000231598228355 1.0002316250492955

1000.0 0.24 0.0002743991913553012 0.000243179956495 1.0002432095271376

1000.0 0.25 0.0002876406959322342 0.000254914935113 1.0002549474286857

1000.0 0.26 0.0003010597651950109 0.000266807276417 1.0002668428726442

1000.0 0.27 0.0003146612286077932 0.000278861260417 1.0002789001458325

1000.0 0.28 0.0003284501154189323 0.000291081344173 1.0002911237124583

1000.0 0.29 0.00034243166583602935 0.000303472171708 1.0003035182240456

1000.0 0.3 0.0003566113429928075 0.000316038584604 1.0003160885300588

1000.0 0.31 0.00037099484577740593 0.000328785633379 1.0003288396893

1000.0 0.32 0.00038558812259681385 0.000341718589681 1.0003417769821294

1000.0 0.33 0.0004003973861602672 0.000354842959389 1.0003549059235997

1000.0 0.34 0.0004154291293749779 0.000368164496704 1.00036823227757

1000.0 0.35 0.00043069014245433745 0.000381689219306 1.0003817620719047

1000.0 0.36 0.0004461875313523933 0.000395423424695 1.0003955016148434

1000.0 0.37 0.0004619287376507186 0.000409373707815 1.000409457512667

1000.0 0.38 0.00047792156003401143 0.000423546980084 1.0004236366887707

1000.0 0.39 0.0004941741775138508 0.000437950489976 1.0004380464042932

1000.0 0.4 0.0005106951745702526 0.000452591845306 1.0004526942804481

1000.0 0.41 0.0005274935684057569 0.000467479037378 1.000467588322732

1000.0 0.42 0.0005445788385294303 0.000482620467208 1.0004827369472031

1000.0 0.43 0.0005619609589131436 0.000498024974017 1.0004981490090443

1000.0 0.44 0.0005796504329926844 0.000513701866255 1.0005138338336554

1000.0 0.45 0.0005976583318225703 0.000529660955413 1.0005298012505452

1000.0 0.46 0.0006159963357313947 0.000545912592937 1.0005460616303354

1000.0 0.47 0.0006346767798689479 0.000562467710595 1.0005626259252203

1000.0 0.48 0.0006537127040919799 0.000579337864692 1.0005795057132845

1000.0 0.49 0.0006731179076930882 0.000596535284562 1.00059671324712

1000.0 0.5 0.0006929070095474943 0.000614072925882 1.00061426150726

1000.0 0.51 0.0007130955143356266 0.000631964529355 1.0006321642610105

1000.0 0.52 0.0007336998855926868 0.00065022468545 1.000650436127347

1000.0 0.53 0.0007547376264477323 0.000668868905958 1.0006690926486463

1000.0 0.54 0.0007762273690441468 0.000687913703233 1.0006881503701301

1000.0 0.55 0.0007981889737870285 0.000707376678156 1.0007076269280415

1000.0 0.56 0.0008206436397422134 0.000727276617968 1.0007275411477319

1000.0 0.57 0.000843614027724926 0.000747633605357 1.0007479131530235

1000.0 0.58 0.0008671243978709553 0.000768469140382 1.0007687644884424

1000.0 0.59 0.0008912007637832398 0.000789806277074 1.0007901182561807

1000.0 0.6 0.0009158710657100055 0.00081166977692 1.000811999269974

1000.0 0.61 0.0009411653656470342 0.000834086281765 1.0008344342284596

1000.0 0.62 0.0009671160677796609 0.000857084509174 1.0008574519110591

1000.0 0.63 0.000993758168320924 0.000880695473851 1.0008810833999828

1000.0 0.64 0.0010211295395792241 0.000904952739384 1.0009053623326591

1000.0 0.65 0.0010492712540409732 0.000929892705461 1.000930325189727

1000.0 0.66 0.0010782279554313323 0.000955554936713 1.000956011624784

1000.0 0.67 0.0011080482851667517 0.000981982540655 1.0009824648433683

1000.0 0.68 0.0011387853744319054 0.00100922260377 1.0010097320402702

1000.0 0.69 0.0011704974143824654 0.00103732669687 1.0010378649062908

1000.0 0.7 0.0012032483198515243 0.00106635146324 1.0010669202181106

1000.0 0.71 0.0012371085055824516 0.00109635930663 1.0010969605281925

1000.0 0.72 0.0012721557986919985 0.00112741919985 1.0011280549757815

1000.0 0.73 0.0013084765170999768 0.00115960764055 1.001160280245448

1000.0 0.74 0.0013461667515245468 0.00119300978734 1.0011937217065996

1000.0 0.75 0.0013853338989711084 0.00122772081886 1.0012284747765805

1000.0 0.76 0.0014260985093464962 0.00126384757025 1.0012646465621557

1000.0 0.77 0.0014685965252065891 0.00130151051815 1.0013023578505318

1000.0 0.78 0.0015129820195592947 0.00134084620701 1.0013417455432017

1000.0 0.79 0.0015594305708449552 0.00138201024011 1.0013829656563473

1000.0 0.8 0.0016081434617761792 0.00142518100073 1.0014261970538025

1000.0 0.81 0.0016593529558247555 0.00147056432834 1.0014716461382889

1000.0 0.82 0.001713329001311048 0.00151839946003 1.001519552812165

1000.0 0.83 0.0017703878532705497 0.00156896667148 1.001570198143651

1000.0 0.84 0.0018309033116110651 0.00162259723665 1.001623914359839

1000.0 0.85 0.0018953215902040021 0.00167968660529 1.0016810980689965

1000.0 0.86 0.0019641813225693694 0.0017407121327 1.0017422280515254

1000.0 0.87 0.0020381409926938376 0.00180625738994 1.001807889655432

1000.0 0.88 0.002118017365240532 0.00187704622212 1.0018788089761288

1000.0 0.89 0.0022048406732601 0.00195399165781 1.0019559019435322

1000.0 0.9 0.0022999361774467264 0.00203826818996 1.0020403468706298

1000.0 0.91 0.0024050488331838205 0.00213142226065 1.0021336953557627

1000.0 0.92 0.002522541675420098 0.00223554807751 1.0022380487782445

1000.0 0.93 0.0026557273371103918 0.00235358141857 1.0023563532654773

1000.0 0.94 0.002809456785709319 0.00248982139436 1.0024929235737354

1000.0 0.95 0.0029912495450953314 0.00265093209736 1.0026544489247844

1000.0 0.96 0.0032137007981587473 0.00284807587842 1.0028521354996416

1000.0 0.97 0.0035004171029568987 0.00310217383817 1.0031069905589072

1000.0 0.98 0.003904381011896607 0.00346018138934 1.0034661747276457

1000.0 0.99 0.004594582648473011 0.00407186535814 1.0040801666653358

