10000.0 0.01 1.0050330803146323e-06 8.90687376746e-07 1.0000008906877733

10000.0 0.02 2.0202686910053558e-06 1.79041651062e-06 1.0000017904181133

10000.0 0.03 3.0459161096674237e-06 2.69937286897e-06 1.0000026993765123

10000.0 0.04 4.082191119914036e-06 3.61774768523e-06 1.0000036177542293

10000.0 0.05 5.129316283714047e-06 4.54573819982e-06 1.0000045457485318

10000.0 0.06 6.187521229050752e-06 5.48354791515e-06 1.0000054835629497

10000.0 0.07 7.25704295101437e-06 6.43138686244e-06 1.0000064314075439

10000.0 0.08 8.338126131546275e-06 7.38947188573e-06 1.0000073894991879

10000.0 0.09 9.431023474726352e-06 8.35802693798e-06 1.0000083580618664

10000.0 0.1 1.0535996061822317e-05 9.33728339672e-06 1.0000093373269894

10000.0 0.11 1.1653313725212833e-05 1.03274803943e-05 1.0000103275337229

10000.0 0.12 1.2783255444515085e-05 1.13288651703e-05 1.0000113289293422

10000.0 0.13 1.392610976413966e-05 1.23416934403e-05 1.0000123417695994

10000.0 0.14 1.5082175236269535e-05 1.33662297896e-05 1.000013366319118

10000.0 0.15 1.625176088848601e-05 1.44027480865e-05 1.0000144028518065

10000.0 0.16 1.7435186719816365e-05 1.54515319225e-05 1.000015451651298

10000.0 0.17 1.8632784226646493e-05 1.65128750793e-05 1.0000165130114176

10000.0 0.18 1.9844896959830827e-05 1.75870820205e-05 1.000017587236674

10000.0 0.19 2.1071881116330182e-05 1.86744684175e-05 1.0000186746427864

10000.0 0.2 2.231410616804208e-05 1.97753617062e-05 1.00001977555724

10000.0 0.21 2.3571955529155808e-05 2.08901016787e-05 1.0000208903198784

10000.0 0.22 2.4845827267139242e-05 2.20190411128e-05 1.0000220192835336

10000.0 0.23 2.6136134858689708e-05 2.31625464431e-05 1.000023162814697

10000.0 0.24 2.7443307995755895e-05 2.43209984742e-05 1.0000243212942321

10000.0 0.25 2.8767793444295364e-05 2.54947931417e-05 1.0000254951181367

10000.0 0.26 3.0110055961540816e-05 2.66843423262e-05 1.0000266846983565

10000.0 0.27 3.1470579274883725e-05 2.78900747203e-05 1.0000278904636521

10000.0 0.28 3.284986712848159e-05 2.9112436755e-05 1.000029112860526

10000.0 0.29 3.4248444403361944e-05 3.03518935945e-05 1.0000303523542178

10000.0 0.3 3.566685831635219e-05 3.16089301968e-05 1.0000316094297643

10000.0 0.31 3.710567970627299e-05 3.28840524547e-05 1.000032884593141

10000.0 0.32 3.856550441305728e-05 3.41777884178e-05 1.000034178372485

10000.0 0.33 4.004695475900988e-05 3.54906896047e-05 1.0000354913194067

10000.0 0.34 4.155068114275462e-05 3.68233324164e-05 1.0000368240104036

10000.0 0.35 4.307736375297466e-05 3.8176319654e-05 1.0000381770483788

10000.0 0.36 4.462771441671176e-05 3.95502821582e-05 1.000039551064281

10000.0 0.37 4.62024785922166e-05 4.09458805741e-05 1.000040946718868

10000.0 0.38 4.780243752133817e-05 4.23638072589e-05 1.0000423647046177

10000.0 0.39 4.9428410557328384e-05 4.38047883464e-05 1.00004380574779

10000.0 0.4 5.1081257684715276e-05 4.5269585977e-05 1.0000452706106602

10000.0 0.41 5.2761882251117775e-05 4.67590007227e-05 1.0000467600939418

10000.0 0.42 5.447123393265141e-05 4.82738742113e-05 1.0000482750394135

10000.0 0.43 5.621031195657267e-05 4.98150919852e-05 1.0000498163327776

10000.0 0.44 5.798016861036093e-05 5.13835866099e-05 1.000051384906769

10000.0 0.45 5.978191306577063e-05 5.29803410634e-05 1.0000529817445465

10000.0 0.46 6.161671555460213e-05 5.46063924368e-05 1.000054607883393

10000.0 0.47 6.348581193416081e-05 5.62628359797e-05 1.0000562644187627

10000.0 0.48 6.539050868814567e-05 5.79508295335e-05 1.0000579525087152

10000.0 0.49 6.733218841281641e-05 5.96715983919e-05 1.0000596733787772

10000.0 0.5 6.931231584639264e-05 6.14264406458e-05 1.0000614283272882

10000.0 0.51 7.13324445079655e-05 6.32167330656e-05 1.0000632187312855

10000.0 0.52 7.339422402019569e-05 6.5043937591e-05 1.0000650460529938

10000.0 0.53 7.549940820406054e-05 6.69096085059e-05 1.0000669118470038

10000.0 0.54 7.764986404312779e-05 6.88154003814e-05 1.0000688177682153

10000.0 0.55 7.984758163392947e-05 7.07630768944e-05 1.00007076558066

10000.0 0.56 8.209468525388619e-05 7.27545206368e-05 1.0000727571673111

10000.0 0.57 8.43934457022133e-05 7.47917440525e-05 1.0000747945410247

10000.0 0.58 8.674629409310963e-05 7.68769016601e-05 1.0000768798567647

10000.0 0.59 8.915583731050614e-05 7.90123037504e-05 1.0000790154253048

10000.0 0.6 9.162487537206498e-05 8.12004317745e-05 1.0000812037286189

10000.0 0.61 9.415642099175336e-05 8.34439556808e-05 1.0000834474372244

10000.0 0.62 9.675372168294061e-05 8.57457535033e-05 1.0000857494297755

10000.0 0.63 9.942028481024767e-05 8.81089335629e-05 1.000088112815269

10000.0 0.64 0.00010215990607453929 9.05368597125e-05 1.0000905409582976

10000.0 0.65 0.0001049767020102621 9.30331801351e-05 1.0000930375078556

10000.0 0.66 0.00010787514719501345 9.56018603227e-05 1.0000956064303261

10000.0 0.67 0.00011086011701522125 9.82472209738e-05 1.0000982520473902

10000.0 0.68 0.00011393693701300389 0.000100973981728 1.000100979079772

10000.0 0.69 0.00011711144007020557 0.000103787311841 1.0001037926979308

10000.0 0.7 0.00012039003297092954 0.00010669288918 1.0001066985810685

10000.0 0.71 0.00012377977425170883 0.000109696969208 1.0001097029861408

10000.0 0.72 0.00012728846571696817 0.000112806466097 1.0001128128289851

10000.0 0.73 0.00013092476060372338 0.000116029048576 1.0001160357802066

10000.0 0.74 0.00013469829216694595 0.000119373253898 1.0001193803791681

10000.0 0.75 0.00013861982749574508 0.000122848624146 1.0001228561703477

10000.0 0.76 0.00014270145274297708 0.000126465870396 1.0001264738675415

10000.0 0.77 0.00014695679779763715 0.000130237071823 1.0001302455530385

10000.0 0.78 0.00015140131092750142 0.000134175919098 1.0001341849210892

10000.0 0.79 0.0001560525973529625 0.000138298014443 1.000138307578054

10000.0 0.8 0.00016093084048618422 0.000142621244942 1.0001426314158348

10000.0 0.81 0.0001660593313048686 0.000147166251687 1.0001471770811716

10000.0 0.82 0.00017146514098131949 0.000151957025884 1.0001519685719373

10000.0 0.83 0.00017717998596522566 0.000157021675504 1.0001570340040526

10000.0 0.84 0.00018324135562641786 0.00016239342464 1.000162406611166

10000.0 0.85 0.00018969400430535188 0.000168111935796 1.0001681260673994

10000.0 0.86 0.00019659195890509018 0.000174225089072 1.0001742402671443

10000.0 0.87 0.00020400127176278815 0.000180791421833 1.0001808077655865

10000.0 0.88 0.0002120038776212141 0.000187883546859 1.000187901198078

10000.0 0.89 0.0002207031327985387 0.000195593061312 1.0001956121908822

10000.0 0.9 0.0002302320018434667 0.000204037801966 1.0002040586190941

10000.0 0.91 0.00024076557218177808 0.000213372936028 1.000213395701652

10000.0 0.92 0.0002525409705901316 0.000223808611654 1.0002238336586697

10000.0 0.93 0.0002658906485075718 0.000235639456295 1.0002356672214523

10000.0 0.94 0.00028130149898797363 0.000249296967738 1.0002493280448093

10000.0 0.95 0.00029952835977664627 0.000265450103606 1.000265485338602

10000.0 0.96 0.00032183578223698994 0.000285219543527 1.000285260222488

10000.0 0.97 0.00035059431717598954 0.00031070613379 1.0003107544079408

10000.0 0.98 0.00039112579090005983 0.000346626221017 1.0003466863028272

10000.0 0.99 0.0004604109969121861 0.000408028644882 1.0004081118998926

