100000.0 0.01 1.0050335352840278e-07 8.90687780936e-08 1.0000000890687821

100000.0 0.02 2.020270527536283e-07 1.79041813919e-07 1.00000017904183

100000.0 0.03 3.0459202848831524e-07 2.69937656925e-07 1.0000002699376933

100000.0 0.04 4.0821986191375004e-07 3.61775433133e-07 1.0000003617754987

100000.0 0.05 5.129328123354426e-07 4.54574869142e-07 1.0000004545749726

100000.0 0.06 6.187538457158581e-07 5.48356318301e-07 1.0000005483564687

100000.0 0.07 7.257066649835053e-07 6.43140786489e-07 1.0000006431409934

100000.0 0.08 8.338157417853154e-07 7.38949961237e-07 1.0000007389502343

100000.0 0.09 9.431063500153769e-07 8.35806240851e-07 1.0000008358065902

100000.0 0.1 1.0536046015641176e-06 9.33732766687e-07 1.0000009337332025

100000.0 0.11 1.1653374835107755e-06 1.03275345503e-06 1.0000010327539883

100000.0 0.12 1.2783328979804054e-06 1.13289303388e-06 1.0000011328936755

100000.0 0.13 1.3926197036662202e-06 1.23417707821e-06 1.0000012341778397

100000.0 0.14 1.5082277600164673e-06 1.33663205064e-06 1.0000013366329439

100000.0 0.15 1.6251879743078845e-06 1.44028534185e-06 1.000001440286379

100000.0 0.16 1.7435323514947143e-06 1.5451653152e-06 1.000001545166509

100000.0 0.17 1.8632940459450964e-06 1.65130135355e-06 1.000001651302717

100000.0 0.18 1.9845074180624422e-06 1.75872390755e-06 1.0000017587254542

100000.0 0.19 2.107208093016233e-06 1.86746454947e-06 1.0000018674662932

100000.0 0.2 2.23143302346962e-06 1.97755602775e-06 1.0000019775579831

100000.0 0.21 2.3572205569699634e-06 2.08903232682e-06 1.000002089034509

100000.0 0.22 2.4846105063369706e-06 2.20192872988e-06 1.000002201931154

100000.0 0.23 2.6136442258239967e-06 2.31628188658e-06 1.0000023162845693

100000.0 0.24 2.7443646912761466e-06 2.43212988268e-06 1.0000024321328402

100000.0 0.25 2.876816586505626e-06 2.54951231856e-06 1.0000025495155687

100000.0 0.26 3.011046394663097e-06 2.66847038874e-06 1.0000026684739491

100000.0 0.27 3.147102496270371e-06 2.78904696946e-06 1.000002789050859

100000.0 0.28 3.2850352740254607e-06 2.91128671091e-06 1.0000029112909488

100000.0 0.29 3.424897224491019e-06 3.03523613726e-06 1.0000030352407436

100000.0 0.3 3.566743078553536e-06 3.1609437525e-06 1.0000031609487483

100000.0 0.31 3.7106299295430745e-06 3.28846015396e-06 1.000003288465561

100000.0 0.32 3.856617371345017e-06 3.41783815557e-06 1.0000034178439965

100000.0 0.33 4.004767646836882e-06 3.54913291882e-06 1.000003549139217

100000.0 0.34 4.155145806983285e-06 3.68240209335e-06 1.0000036824088734

100000.0 0.35 4.307819882254371e-06 3.81770596957e-06 1.000003817713257

100000.0 0.36 4.462861067699997e-06 3.95510764287e-06 1.0000039551154642

100000.0 0.37 4.6203439221237375e-06 4.09467318866e-06 1.0000040946815718

100000.0 0.38 4.7803465835771775e-06 4.23647185529e-06 1.0000042364808293

100000.0 0.39 4.94295100172959e-06 4.38057626905e-06 1.0000043805858638

100000.0 0.4 5.1082431905546954e-06 4.52706265736e-06 1.0000045270729045

100000.0 0.41 5.2763135010014395e-06 4.67601109175e-06 1.0000046760220243

100000.0 0.42 5.447256918089671e-06 4.82750575061e-06 1.000004827517403

100000.0 0.43 5.621173382652778e-06 4.98163520448e-06 1.0000049816476129

100000.0 0.44 5.798168143056337e-06 5.13849272663e-06 1.0000051385059288

100000.0 0.45 5.97835213711484e-06 5.2981766338e-06 1.000005298190669

100000.0 0.46 6.161842409979634e-06 5.46079065427e-06 1.0000054608055644

100000.0 0.47 6.348762570884681e-06 5.62644433359e-06 1.000005626460162

100000.0 0.48 6.539243293079977e-06 5.79525347848e-06 1.000005795270271

100000.0 0.49 6.733422863058891e-06 5.96734064177e-06 1.0000059673584465

100000.0 0.5 6.931447782965172e-06 6.14283565761e-06 1.0000061428545248

100000.0 0.51 7.1334734353944995e-06 6.32187623063e-06 1.0000063218962136

100000.0 0.52 7.339664815364522e-06 6.50460858336e-06 1.0000065046297384

100000.0 0.53 7.550197339889486e-06 6.69118817509e-06 1.0000066912105612

100000.0 0.54 7.765257745262488e-06 6.88178049704e-06 1.0000068818041765

100000.0 0.55 7.985045081482234e-06 7.07656195238e-06 1.0000070765869913

100000.0 0.56 8.20977182036664e-06 7.27572083916e-06 1.0000072757473073

100000.0 0.57 8.439665088788573e-06 7.47945844363e-06 1.0000074794864149

100000.0 0.58 8.674968049349197e-06 7.68799026283e-06 1.0000076880198154

100000.0 0.59 8.915941445586384e-06 7.901547375e-06 1.0000079015785923

100000.0 0.6 9.162865339473747e-06 8.12037797822e-06 1.0000081204109486

100000.0 0.61 9.416041067411562e-06 8.3447491252e-06 1.0000083447839427

100000.0 0.62 9.675793451791037e-06 8.57494868231e-06 1.0000085749854473

100000.0 0.63 9.942473306767674e-06 8.81128755038e-06 1.0000088113263699

100000.0 0.64 1.0216460286982532e-05 9.05410218949e-06 1.000009054143178

100000.0 0.65 1.0498166138850351e-05 9.30375750039e-06 1.0000093038007805

100000.0 0.66 1.0788038422360202e-05 9.56065012301e-06 1.0000095606958261

100000.0 0.67 1.1086564788764797e-05 9.82521222699e-06 1.0000098252604945

100000.0 0.68 1.1394277916632056e-05 1.00979158863e-05 1.0000100979668705

100000.0 0.69 1.1711761231825157e-05 1.03792781486e-05 1.0000103793320134

100000.0 0.7 1.2039655566065122e-05 1.06698669362e-05 1.0000106699238596

100000.0 0.71 1.2378666943702044e-05 1.09703079472e-05 1.0000109703681213

100000.0 0.72 1.2729575736392107e-05 1.12812927677e-05 1.0000112813564017

100000.0 0.73 1.3093247482554027e-05 1.16035884613e-05 1.0000116036557831

100000.0 0.74 1.3470645749746879e-05 1.19380489672e-05 1.000011938120226

100000.0 0.75 1.3862847521028954e-05 1.22856287372e-05 1.0000122857042058

100000.0 0.76 1.427106172380288e-05 1.26473991552e-05 1.000012647479134

100000.0 0.77 1.4696651703727248e-05 1.30245684545e-05 1.0000130246532746

100000.0 0.78 1.5141162697740462e-05 1.34185060663e-05 1.000013418596095

100000.0 0.79 1.5606355702191266e-05 1.38307726324e-05 1.000013830868278

100000.0 0.8 1.609424961046546e-05 1.42631573506e-05 1.0000142632590698

100000.0 0.81 1.660717416762658e-05 1.47177249041e-05 1.0000147178332104

100000.0 0.82 1.7147837255038212e-05 1.51968750899e-05 1.0000151969905628

100000.0 0.83 1.771941142869604e-05 1.57034195127e-05 1.000015703542812

100000.0 0.84 1.8325646720773747e-05 1.62406815517e-05 1.0000162408134323

100000.0 0.85 1.897101989678518e-05 1.68126286374e-05 1.0000168127699705

100000.0 0.86 1.966093528504853e-05 1.74240502311e-05 1.0000174242020308

100000.0 0.87 2.0402000161623413e-05 1.80808018784e-05 1.0000180809653372

100000.0 0.88 2.1202410587672915e-05 1.87901471495e-05 1.0000187903236855

100000.0 0.89 2.207250553054596e-05 1.95612487158e-05 1.0000195614400382

100000.0 0.9 2.3025585837110896e-05 2.0405894146e-05 1.0000204061023477

100000.0 0.91 2.4079166178747613e-05 2.13396054133e-05 1.0000213398331044

100000.0 0.92 2.5256967480458137e-05 2.23834046403e-05 1.0000223836551505

100000.0 0.93 2.6592246789247653e-05 2.35667651173e-05 1.0000235670428157

100000.0 0.94 2.8133711407307693e-05 2.49328525671e-05 1.0000249331633932

100000.0 0.95 2.995687401941005e-05 2.65485883646e-05 1.0000265489407816

100000.0 0.96 3.2188240196129314e-05 2.85260851525e-05 1.0000285264920252

100000.0 0.97 3.506496418292926e-05 3.1075515409e-05 1.0000310759982578

100000.0 0.98 3.9119464868009324e-05 3.46687230891e-05 1.0000346693240563

100000.0 0.99 4.6050641496542255e-05 4.08113184513e-05 1.0000408121512445

