100000000.0 0.01 1.0050338339340215e-10 8.90688044623e-11 1.0000000000890688

100000000.0 0.02 2.020270617464348e-10 1.7904182179e-10 1.000000000179042

100000000.0 0.03 3.0459212929656587e-10 2.69937746264e-10 1.0000000002699378

100000000.0 0.04 4.0821990232586813e-10 3.61775468947e-10 1.0000000003617755

100000000.0 0.05 5.129329183617415e-10 4.54574864812e-10 1.0000000004545748

100000000.0 0.06 6.187540479984932e-10 5.48356399178e-10 1.0000000005483565

100000000.0 0.07 7.257069389865478e-10 6.43141127709e-10 1.000000000643141

100000000.0 0.08 8.338161272547495e-10 7.3895030285e-10 1.0000000007389502

100000000.0 0.09 9.431068148657573e-10 8.35806751303e-10 1.0000000008358068

100000000.0 0.1 1.0536052030829524e-09 9.33733299769e-10 1.0000000009337333

100000000.0 0.11 1.1653381593035306e-09 1.03275395564e-09 1.0000000010327539

100000000.0 0.12 1.2783336611477125e-09 1.13289371022e-09 1.0000000011328938

100000000.0 0.13 1.392620685436441e-09 1.23417794838e-09 1.0000000012341779

100000000.0 0.14 1.5082288751244732e-09 1.33663303888e-09 1.000000001336633

100000000.0 0.15 1.625189316456499e-09 1.4402865312e-09 1.0000000014402866

100000000.0 0.16 1.743533872833325e-09 1.54516656515e-09 1.0000000015451667

100000000.0 0.17 1.8632957399233874e-09 1.6513028548e-09 1.0000000016513029

100000000.0 0.18 1.9845093346404497e-09 1.75872570456e-09 1.0000000017587256

100000000.0 0.19 2.1072102951436023e-09 1.86746659954e-09 1.0000000018674666

100000000.0 0.2 2.2314354808372627e-09 1.97755820553e-09 1.0000000019775581

100000000.0 0.21 2.357223305438083e-09 2.08903476258e-09 1.0000000020890347

100000000.0 0.22 2.4846136259526475e-09 2.20193149467e-09 1.0000000022019315

100000000.0 0.23 2.6136476316551693e-09 2.31628480643e-09 1.0000000023162847

100000000.0 0.24 2.7443683991990042e-09 2.43213307034e-09 1.0000000024321332

100000000.0 0.25 2.8768206705720445e-09 2.54951583957e-09 1.000000002549516

100000000.0 0.26 3.011050964119022e-09 2.66847443831e-09 1.0000000026684746

100000000.0 0.27 3.1471074635192053e-09 2.78905137146e-09 1.0000000027890514

100000000.0 0.28 3.285040683920215e-09 2.9112915053e-09 1.0000000029112914

100000000.0 0.29 3.424903138871116e-09 3.03524128034e-09 1.0000000030352414

100000000.0 0.3 3.5667494513447195e-09 3.16094949852e-09 1.0000000031609495

100000000.0 0.31 3.710636797826794e-09 3.28846614242e-09 1.0000000032884662

100000000.0 0.32 3.856624797293762e-09 3.41784473673e-09 1.0000000034178447

100000000.0 0.33 4.004775622235002e-09 3.54913998682e-09 1.00000000354914

100000000.0 0.34 4.1551544427420595e-09 3.68240974657e-09 1.0000000036824097

100000000.0 0.35 4.307829204464042e-09 3.81771423125e-09 1.0000000038177141

100000000.0 0.36 4.4628709616745255e-09 3.95511641106e-09 1.0000000039551165

100000000.0 0.37 4.6203545434053694e-09 4.0946826015e-09 1.0000000040946826

100000000.0 0.38 4.780357998335205e-09 4.23648187304e-09 1.0000000042364818

100000000.0 0.39 4.94296326092325e-09 4.38058723174e-09 1.0000000043805872

100000000.0 0.4 5.10825626243161e-09 4.52707424188e-09 1.0000000045270743

100000000.0 0.41 5.276327375014489e-09 4.67602338724e-09 1.0000000046760233

100000000.0 0.42 5.447271744785098e-09 4.82751889049e-09 1.0000000048275188

100000000.0 0.43 5.621189180793351e-09 4.98164930347e-09 1.0000000049816493

100000000.0 0.44 5.798184932181982e-09 5.13850770405e-09 1.0000000051385076

100000000.0 0.45 5.978370021253454e-09 5.29819248315e-09 1.0000000052981926

100000000.0 0.46 6.1618613544922596e-09 5.46080734487e-09 1.0000000054608074

100000000.0 0.47 6.3487827217656445e-09 5.62646229027e-09 1.0000000056264624

100000000.0 0.48 6.539264685301305e-09 5.79527243678e-09 1.0000000057952725

100000000.0 0.49 6.733445467865806e-09 5.9673605763e-09 1.0000000059673606

100000000.0 0.5 6.931471729920702e-09 6.14285697846e-09 1.000000006142857

100000000.0 0.51 7.133498902689439e-09 6.32189880025e-09 1.0000000063218988

100000000.0 0.52 7.3396917432688724e-09 6.50463244741e-09 1.0000000065046324

100000000.0 0.53 7.550225777919195e-09 6.69121337764e-09 1.0000000066912134

100000000.0 0.54 7.765287857175451e-09 6.88180728131e-09 1.0000000068818073

100000000.0 0.55 7.985076933003654e-09 7.07659027823e-09 1.0000000070765902

100000000.0 0.56 8.209805502090717e-09 7.27575068868e-09 1.0000000072757507

100000000.0 0.57 8.439700716067478e-09 7.47949001734e-09 1.0000000074794901

100000000.0 0.58 8.675005602754027e-09 7.68802354361e-09 1.0000000076880236

100000000.0 0.59 8.915981175583454e-09 7.90158268302e-09 1.0000000079015827

100000000.0 0.6 9.162907321780267e-09 8.12041518399e-09 1.0000000081204152

100000000.0 0.61 9.41608535587335e-09 8.34478827635e-09 1.0000000083447884

100000000.0 0.62 9.675840240142008e-09 8.5749900488e-09 1.00000000857499

100000000.0 0.63 9.942522694039724e-09 8.81133141677e-09 1.0000000088113314

100000000.0 0.64 1.0216512413840917e-08 9.05414848376e-09 1.0000000090541485

100000000.0 0.65 1.0498221181265421e-08 9.3038062802e-09 1.0000000093038064

100000000.0 0.66 1.0788096527214464e-08 9.56070171519e-09 1.0000000095607018

100000000.0 0.67 1.1086626172662761e-08 9.82526672503e-09 1.0000000098252668

100000000.0 0.68 1.139434280261753e-08 1.00979733895e-08 1.0000000100979733

100000000.0 0.69 1.1711829728255907e-08 1.03793388515e-08 1.000000010379339

100000000.0 0.7 1.2039727992352312e-08 1.06699310236e-08 1.0000000106699312

100000000.0 0.71 1.23787434747058e-08 1.09703756722e-08 1.0000000109703757

100000000.0 0.72 1.2729656662102684e-08 1.12813644857e-08 1.0000000112813645

100000000.0 0.73 1.3093333084412961e-08 1.16036643233e-08 1.0000000116036645

100000000.0 0.74 1.3470736415222007e-08 1.19381294152e-08 1.0000000119381296

100000000.0 0.75 1.3862943459841404e-08 1.22857137601e-08 1.0000000122857138

100000000.0 0.76 1.4271163473189574e-08 1.26474892291e-08 1.0000000126474893

100000000.0 0.77 1.4696759587096153e-08 1.3024664063e-08 1.0000000130246642

100000000.0 0.78 1.514127723201142e-08 1.34186074704e-08 1.0000000134186076

100000000.0 0.79 1.560647733267473e-08 1.38308805221e-08 1.0000000138308807

100000000.0 0.8 1.6094378940678666e-08 1.42632719657e-08 1.0000000142632721

100000000.0 0.81 1.660731197006271e-08 1.47178470273e-08 1.0000000147178472

100000000.0 0.82 1.714798414376162e-08 1.51970052654e-08 1.0000000151970054

100000000.0 0.83 1.7719568257135165e-08 1.57035584969e-08 1.0000000157035587

100000000.0 0.84 1.832581442151593e-08 1.62408301712e-08 1.0000000162408302

100000000.0 0.85 1.8971199722273013e-08 1.6812788002e-08 1.000000016812788

100000000.0 0.86 1.9661128392023386e-08 1.74242212674e-08 1.0000000174242214

100000000.0 0.87 2.0402208034120406e-08 1.80809860001e-08 1.0000000180809863

100000000.0 0.88 2.1202635092087974e-08 1.87903462075e-08 1.0000000187903464

100000000.0 0.89 2.2072748850909818e-08 1.95614644488e-08 1.0000000195614647

100000000.0 0.9 2.3025850670599368e-08 2.04061287473e-08 1.000000020406129

100000000.0 0.91 2.4079455762660018e-08 2.13398620471e-08 1.0000000213398623

100000000.0 0.92 2.525728615143663e-08 2.23836869529e-08 1.0000000223836871

100000000.0 0.93 2.6592600010921785e-08 2.35670782459e-08 1.0000000235670785

100000000.0 0.94 2.8134106822008675e-08 2.49332029892e-08 1.0000000249332033

100000000.0 0.95 2.995732228949777e-08 2.65489857258e-08 1.0000000265489861

100000000.0 0.96 3.218875777033503e-08 2.85265439313e-08 1.0000000285265442

100000000.0 0.97 3.506557832988477e-08 3.10760597709e-08 1.0000000310760602

100000000.0 0.98 3.912022927821113e-08 3.46694005162e-08 1.0000000346694011

100000000.0 0.99 4.6051700786087224e-08 4.08122571011e-08 1.000000040812258

