1000000.0 0.01 1.0050335785827258e-08 8.90687808485e-09 1.0000000089068781

1000000.0 0.02 2.02027070628219e-08 1.79041829661e-08 1.000000017904183

1000000.0 0.03 3.045920704547456e-08 2.699376951e-08 1.0000000269937699

1000000.0 0.04 4.082199367427819e-08 3.61775500432e-08 1.0000000361775507

1000000.0 0.05 5.1293293057419476e-08 4.5457497501e-08 1.0000000454574984

1000000.0 0.06 6.187540180224715e-08 5.4835647002e-08 1.0000000548356485

1000000.0 0.07 7.25706902349188e-08 6.43140997833e-08 1.0000000643141018

1000000.0 0.08 8.338160550902529e-08 7.3895023988e-08 1.0000000738950268

1000000.0 0.09 9.431067504728219e-08 8.35806595845e-08 1.000000083580663

1000000.0 0.1 1.0536051009424341e-07 9.3373320925e-08 1.0000000933733253

1000000.0 0.11 1.1653380949105951e-07 1.03275399697e-07 1.0000001032754051

1000000.0 0.12 1.278333633392137e-07 1.13289368661e-07 1.000000113289375

1000000.0 0.13 1.3926205766345845e-07 1.23417785195e-07 1.0000001234177929

1000000.0 0.14 1.5082287840861852e-07 1.3366329582e-07 1.0000001336633046

1000000.0 0.15 1.6251891632457216e-07 1.44028639542e-07 1.00000014402865

1000000.0 0.16 1.7435337196225476e-07 1.54516652776e-07 1.0000001545166648

1000000.0 0.17 1.8632956078068474e-07 1.65130273673e-07 1.0000001651302872

1000000.0 0.18 1.9845091903114565e-07 1.75872547826e-07 1.0000001758725634

1000000.0 0.19 2.1072100908625657e-07 1.86746632011e-07 1.0000001867466495

1000000.0 0.2 2.231435264343773e-07 1.97755801268e-07 1.0000001977558208

1000000.0 0.21 2.3572230578583486e-07 2.08903454219e-07 1.000000208903476

1000000.0 0.22 2.484613284003956e-07 2.20193119162e-07 1.0000002201931435

1000000.0 0.23 2.613647299698485e-07 2.31628460965e-07 1.0000002316284877

1000000.0 0.24 2.744368080564996e-07 2.43213288537e-07 1.0000002432133182

1000000.0 0.25 2.8768203108597845e-07 2.54951561917e-07 1.0000002549515945

1000000.0 0.26 3.011050474510668e-07 2.66847400539e-07 1.0000002668474361

1000000.0 0.27 3.147106952816614e-07 2.78905091887e-07 1.0000002789051308

1000000.0 0.28 3.285040129918926e-07 2.91129101334e-07 1.0000002911291437

1000000.0 0.29 3.424902502713323e-07 3.03524081594e-07 1.0000003035241276

1000000.0 0.3 3.566748802974473e-07 3.16094882552e-07 1.0000003160949325

1000000.0 0.31 3.710636125031641e-07 3.28846564456e-07 1.0000003288466186

1000000.0 0.32 3.8566240645465655e-07 3.41784408735e-07 1.0000003417844672

1000000.0 0.33 4.004774863952676e-07 3.54913931383e-07 1.0000003549139944

1000000.0 0.34 4.1551535767681003e-07 3.68240897912e-07 1.0000003682409657

1000000.0 0.35 4.3078282330188955e-07 3.81771336934e-07 1.0000003817714098

1000000.0 0.36 4.462870030197408e-07 3.95511558457e-07 1.0000003955116368

1000000.0 0.37 4.620353528661525e-07 4.09468170221e-07 1.000000409468254

1000000.0 0.38 4.780356867017943e-07 4.23648096784e-07 1.0000004236481865

1000000.0 0.39 4.942961996379225e-07 4.3805860117e-07 1.000000438058697

1000000.0 0.4 5.108254933494649e-07 4.52707306512e-07 1.000000452707409

1000000.0 0.41 5.27632602831396e-07 4.67602219474e-07 1.0000004676023289

1000000.0 0.42 5.447270270408922e-07 4.82751758386e-07 1.000000482751875

1000000.0 0.43 5.62118760205621e-07 4.98164780596e-07 1.0000004981649047

1000000.0 0.44 5.798183271288337e-07 5.13850613373e-07 1.0000005138507453

1000000.0 0.45 5.978368220471708e-07 5.29819088725e-07 1.0000005298192292

1000000.0 0.46 6.161859495978916e-07 5.46080579619e-07 1.0000005460807286

1000000.0 0.47 6.348780708931301e-07 5.62646040903e-07 1.0000005626461992

1000000.0 0.48 6.539262535909529e-07 5.79527053193e-07 1.000000579527221

1000000.0 0.49 6.733443265183325e-07 5.96735872261e-07 1.0000005967360504

1000000.0 0.5 6.931469402893242e-07 6.1428548178e-07 1.0000006142856706

1000000.0 0.51 7.133496334743583e-07 6.32189652545e-07 1.0000006321898525

1000000.0 0.52 7.339689057639376e-07 6.50463006635e-07 1.0000006504632182

1000000.0 0.53 7.550222992369626e-07 6.69121091e-07 1.0000006691213148

1000000.0 0.54 7.765284879557299e-07 6.88180454408e-07 1.000000688180691

1000000.0 0.55 7.985073774419149e-07 7.0765873816e-07 1.0000007076589885

1000000.0 0.56 8.209802150327405e-07 7.27574771728e-07 1.0000007275750364

1000000.0 0.57 8.439697141149338e-07 7.47948684915e-07 1.0000007479489645

1000000.0 0.58 8.675001914593139e-07 7.68802027507e-07 1.0000007688023231

1000000.0 0.59 8.915977217638371e-07 7.90157907798e-07 1.00000079015822

1000000.0 0.6 9.162903120696342e-07 8.12041146088e-07 1.0000008120414758

1000000.0 0.61 9.416080964941287e-07 8.34478448239e-07 1.0000008344787965

1000000.0 0.62 9.675835581646197e-07 8.57498601871e-07 1.0000008574989696

1000000.0 0.63 9.942517791294847e-07 8.81132697344e-07 1.0000008811330856

1000000.0 0.64 1.0216507256854968e-06 9.05414381609e-07 1.0000009054147916

1000000.0 0.65 1.0498215734511263e-06 9.30380145314e-07 1.0000009303805781

1000000.0 0.66 1.0788090794022764e-06 9.56069653589e-07 1.0000009560701106

1000000.0 0.67 1.1086620099742817e-06 9.82526124466e-07 1.0000009825266072

1000000.0 0.68 1.1394336340009303e-06 1.00979676632e-06 1.0000010097972762

1000000.0 0.69 1.171182295700568e-06 1.03793328497e-06 1.0000010379338236

1000000.0 0.7 1.2039720795886666e-06 1.06699247443e-06 1.0000010669930437

1000000.0 0.71 1.237873589854388e-06 1.09703690564e-06 1.0000010970375073

1000000.0 0.72 1.2729648656284454e-06 1.12813573898e-06 1.0000011281363754

1000000.0 0.73 1.3093324627844183e-06 1.16036568299e-06 1.0000011603663561

1000000.0 0.74 1.3470727406872385e-06 1.19381213334e-06 1.000001193812846

1000000.0 0.75 1.3862934001851457e-06 1.22857053772e-06 1.0000012285712925

1000000.0 0.76 1.427115337349072e-06 1.26474803778e-06 1.0000012647488377

1000000.0 0.77 1.4696748901199541e-06 1.30246545939e-06 1.0000013024663077

1000000.0 0.78 1.5141265863327646e-06 1.34185974935e-06 1.0000013418606497

1000000.0 0.79 1.560646530451848e-06 1.3830869764e-06 1.0000013830879328

1000000.0 0.8 1.6094366173113883e-06 1.42632606507e-06 1.0000014263270822

1000000.0 0.81 1.6607298277682148e-06 1.47178348937e-06 1.0000014717845724

1000000.0 0.82 1.7147969578745759e-06 1.51969923566e-06 1.0000015197003904

1000000.0 0.83 1.7719552720674159e-06 1.57035447281e-06 1.000001570355706

1000000.0 0.84 1.8325797845886171e-06 1.62408154814e-06 1.0000016240828669

1000000.0 0.85 1.8971181853233432e-06 1.6812772165e-06 1.0000016812786299

1000000.0 0.86 1.966110923623532e-06 1.74242043894e-06 1.000001742421957

1000000.0 0.87 2.040218747278999e-06 1.80809678765e-06 1.0000018080984223

1000000.0 0.88 2.120261288429681e-06 1.87903264271e-06 1.000001879034408

1000000.0 0.89 2.2072724771282637e-06 1.95614430114e-06 1.0000019561462143

1000000.0 0.9 2.3025824420486174e-06 2.04061055822e-06 1.0000020406126402

1000000.0 0.91 2.40794270955913e-06 2.13398366426e-06 1.0000021339859413

1000000.0 0.92 2.525725454671779e-06 2.23836590414e-06 1.0000022383684093

1000000.0 0.93 2.6592565011140934e-06 2.35670471308e-06 1.00000235670749

1000000.0 0.94 2.8134067591167877e-06 2.49331682219e-06 1.0000024933199305

1000000.0 0.95 2.9957277863923437e-06 2.65489462554e-06 1.0000026548981498

1000000.0 0.96 3.2188706442504156e-06 2.85264983449e-06 1.0000028526539033

1000000.0 0.97 3.506551749299369e-06 3.10760057583e-06 1.0000031076054043

1000000.0 0.98 3.9120153534355495e-06 3.46693333901e-06 1.000003466939349

1000000.0 0.99 4.605159582227181e-06 4.0812164177e-06 1.000004081224746

