1.0 0.01 0.010000000000000009 0.00886250128095 1.0089018895188773

1.0 0.02 0.020000000000000018 0.0177263950267 1.0178844400420037

1.0 0.03 0.030000000000000027 0.0265930752341 1.0269498264090775

1.0 0.04 0.040000000000000036 0.0354639389687 1.0361002846096115

1.0 0.05 0.050000000000000044 0.04434038791 1.045338114792967

1.0 0.06 0.06000000000000005 0.0532238299098 1.0546656844270206

1.0 0.07 0.07000000000000006 0.0621156805684 1.0640854316160755

1.0 0.08 0.07999999999999996 0.0710173648335 1.0735998685894081

1.0 0.09 0.08999999999999997 0.0799303186252 1.0832115853726692

1.0 0.1 0.09999999999999998 0.0888559904943 1.0929232536552886

1.0 0.11 0.10999999999999999 0.0977958433161 1.1027376308680366

1.0 0.12 0.12 0.106751356028 1.1126575644859973

1.0 0.13 0.13 0.115724025414 1.1226859965734208

1.0 0.14 0.14 0.124715367943 1.1328259685882465

1.0 0.15 0.15000000000000002 0.133726921665 1.143080626465538

1.0 0.16 0.16000000000000003 0.142760248179 1.1534532260006818

1.0 0.17 0.17000000000000004 0.151816934665 1.1639471385549351

1.0 0.18 0.17999999999999994 0.160898596008 1.174565857107867

1.0 0.19 0.18999999999999995 0.170006876994 1.18531300268333

1.0 0.2 0.19999999999999996 0.179143454621 1.1961923311779756

1.0 0.21 0.20999999999999996 0.188310040499 1.2072077406238848

1.0 0.22 0.21999999999999997 0.197508383372 1.2183632789197574

1.0 0.23 0.22999999999999998 0.206740271771 1.2296631520682513

1.0 0.24 0.24 0.216007536787 1.2411117329605625

1.0 0.25 0.25 0.225312055012 1.2527135707532073

1.0 0.26 0.26 0.234655751625 1.2644734008862695

1.0 0.27 0.27 0.244040603663 1.2763961557971513

1.0 0.28 0.28 0.253468643484 1.2884869763891806

1.0 0.29 0.29000000000000004 0.26294196243 1.3007512243203552

1.0 0.3 0.30000000000000004 0.272462714727 1.313194495184103

1.0 0.31 0.31000000000000005 0.282033121626 1.32582263266134

1.0 0.32 0.32000000000000006 0.291655475817 1.3386417437313514

1.0 0.33 0.33000000000000007 0.301332146134 1.351658215038307

1.0 0.34 0.3400000000000001 0.311065582581 1.3648787305206087

1.0 0.35 0.35 0.320858321715 1.3783102904219764

1.0 0.36 0.36 0.330712992407 1.3919602318163495

1.0 0.37 0.37 0.340632322021 1.4058362507935576

1.0 0.38 0.38 0.350619143063 1.4199464264695183

1.0 0.39 0.39 0.360676400326 1.4342992470037816

1.0 0.4 0.4 0.370807158594 1.4489036378288194

1.0 0.41 0.4099999999999999 0.381014610958 1.4637689923200699

1.0 0.42 0.41999999999999993 0.391302087803 1.4789052051637104

1.0 0.43 0.42999999999999994 0.401673066539 1.4943227087111353

1.0 0.44 0.43999999999999995 0.412131182148 1.5100325126456837

1.0 0.45 0.44999999999999996 0.422680238648 1.5260462473291398

1.0 0.46 0.45999999999999996 0.433324221547 1.542376211243769

1.0 0.47 0.47 0.444067311435 1.5590354230012693

1.0 0.48 0.48 0.454913898799 1.5760376784542502

1.0 0.49 0.49 0.465868600235 1.593397613520285

1.0 0.5 0.5 0.476936276204 1.6111307734150166

1.0 0.51 0.51 0.488122050516 1.6292536890915004

1.0 0.52 0.52 0.499431331754 1.6477839618005845

1.0 0.53 0.53 0.510869836884 1.666740356824974

1.0 0.54 0.54 0.522443617317 1.6861429076016277

1.0 0.55 0.55 0.53415908775 1.7060130316382192

1.0 0.56 0.56 0.546023058139 1.726373659855486

1.0 0.57 0.57 0.55804276925 1.7472493812558076

1.0 0.58 0.58 0.57022593226 1.7686666051384181

1.0 0.59 0.59 0.582580772989 1.7906537434646517

1.0 0.6 0.6 0.59511608145 1.813241416436814

1.0 0.61 0.61 0.607841267481 1.8364626849094694

1.0 0.62 0.62 0.620766423409 1.8603533139249364

1.0 0.63 0.63 0.633902394839 1.8849520724841273

1.0 0.64 0.64 0.647260860875 1.9103010756665542

1.0 0.65 0.65 0.660854425342 1.936446176446461

1.0 0.66 0.66 0.674696720872 1.9634374160770358

1.0 0.67 0.67 0.688802528117 1.9913295438111818

1.0 0.68 0.68 0.703187912822 2.020182619100412

1.0 0.69 0.69 0.717870384098 2.0500627124014588

1.0 0.7 0.7 0.732869077959 2.081042724508381

1.0 0.71 0.71 0.748204971185 2.1132033491646487

1.0 0.72 0.72 0.763901131737 2.1466342099326017

1.0 0.73 0.73 0.779983013562 2.181435210368883

1.0 0.74 0.74 0.796478805612 2.2177181471138523

1.0 0.75 0.75 0.813419847598 2.2556086494457444

1.0 0.76 0.76 0.830841128475 2.295248527443558

1.0 0.77 0.77 0.848781888371 2.3367986359624893

1.0 0.78 0.78 0.867286350994 2.3804423957902694

1.0 0.79 0.79 0.886404622204 2.426390160510111

1.0 0.8 0.8 0.906193802437 2.4748846835665432

1.0 0.81 0.81 0.926719377496 2.5262080336768613

1.0 0.82 0.82 0.948056976232 2.5806904418001215

1.0 0.83 0.83 0.970294618513 2.6387217611262925

1.0 0.84 0.84 0.993535628347 2.700766518194948

1.0 0.85 0.85 1.01790246483 2.7673839867045245

1.0 0.86 0.86 1.04354184364 2.839255425386444

1.0 0.87 0.87 1.07063171214 2.9172217624369514

1.0 0.88 0.88 1.09939095195 3.0023368995541904

1.0 0.89 0.89 1.13009320689 3.0959450500720913

1.0 0.9 0.9 1.16308715368 3.1997963068704034

1.0 0.91 0.91 1.19882721774 3.316225430895991

1.0 0.92 0.92 1.23792199271 3.4484401304974943

1.0 0.93 0.93 1.28121432375 3.6010098634489616

1.0 0.94 0.94 1.32992191434 3.7807481538124015

1.0 0.95 0.95 1.38590382435 3.9984381579173807

1.0 0.96 0.96 1.45221978156 4.272588209042748

1.0 0.97 0.97 1.53448562178 4.63893874708602

1.0 0.98 0.98 1.64497635713 5.18088741446936

1.0 0.99 0.99 1.82138636772 6.180420849146853

